ISS (ZARYA)
1 25544U 98067A   24001.50000000  .00016717  00000-0  30200-3 0  9993
2 25544  51.6412 200.2345 0006703  50.4518 309.7468 15.4956052012345
DEBRIS-80021
1 80021U 24001A   24000.74200839  .00010000  00000-0  15000-3 0  9998
2 80021  53.7572 211.7911 0000490 79.2783  25.5575  15.02441183310075
CONJ-90020
1 90020U 98067A   24001.50000000  .00016717  00000-0  30200-3 0  9994
2 90020  51.6414 200.2344 0006703   50.4518 309.7447 15.4956052062522
DEBRIS-80050
1 80050U 24001A   24000.63994762  .00010000  00000-0  15000-3 0  9993
2 80050  58.7059 239.1256 0000979113.0096 305.2855  15.37901705403631
MEO-70006
1 70006U 24001A   24000.88887047  .00010000  00000-0  15000-3 0  9997
2 70006  57.1113 250.6875 0003042 87.8344 236.1809   1.51386205 18462
DEBRIS-80041
1 80041U 24001A   24000.75489104  .00010000  00000-0  15000-3 0  9995
2 80041  40.1039 286.6040 0038204323.6129  75.6276  13.49811896144730
DEBRIS-80014
1 80014U 24001A   24001.86056682  .00010000  00000-0  15000-3 0  9999
2 80014  54.1533  41.2386 0045120270.3160 276.6955  13.86070189394696
GEO-60009
1 60009U 24001A   24000.63723674  .00010000  00000-0  15000-3 0  9997
2 60009   1.0528  11.1708 0000312302.1224 223.6808   0.97385449  4942
MEO-70009
1 70009U 24001A   24001.35348151  .00010000  00000-0  15000-3 0  9991
2 70009  64.0583  57.2968 0038414162.0251 270.6396   3.59965722 46433
CONJ-90015
1 90015U 98067A   24001.50000000  .00016717  00000-0  30200-3 0  9998
2 90015  51.6411 200.2345 0006703   50.4518 309.7558 15.4956052095977
MEO-70003
1 70003U 24001A   24001.71332314  .00010000  00000-0  15000-3 0  9999
2 70003  50.2647 243.2258 0003416285.7447 345.5395   3.33990361 14897
CONJ-90011
1 90011U 98067A   24001.50000000  .00016717  00000-0  30200-3 0  9994
2 90011  51.6411 200.2345 0006703   50.4518 309.7453 15.4956052046054
GEO-60010
1 60010U 24001A   24001.83891769  .00010000  00000-0  15000-3 0  9993
2 60010   0.3480 203.0290 0000273251.8074 276.0833   0.96677891  6310
DEBRIS-80025
1 80025U 24001A   24001.30524256  .00010000  00000-0  15000-3 0  9997
2 80025  35.7239  89.5163 0000372161.5009 151.8774  13.61418058337429
DEBRIS-80044
1 80044U 24001A   24002.22812806  .00010000  00000-0  15000-3 0  9991
2 80044  47.5232 291.8698 0000632283.4548  38.9144  15.98866713626945
DEBRIS-80037
1 80037U 24001A   24000.73085734  .00010000  00000-0  15000-3 0  9999
2 80037  66.4949  98.0454 0006524258.3404  73.2950  15.03695184356003
MEO-70010
1 70010U 24001A   24002.03162737  .00010000  00000-0  15000-3 0  9993
2 70010  48.9971 187.6679 0007590 98.8551  27.8940   2.21432038 45518
CONJ-90017
1 90017U 98067A   24001.50000000  .00016717  00000-0  30200-3 0  9990
2 90017  51.6412 200.2344 0006703   50.4518 309.6982 15.4956052040616
MEO-70001
1 70001U 24001A   24001.51424501  .00010000  00000-0  15000-3 0  9995
2 70001  50.5680 250.9950 0004605 69.0624 239.3746   2.44786319 29510
DEBRIS-80023
1 80023U 24001A   24000.76462370  .00010000  00000-0  15000-3 0  9992
2 80023  69.5360 170.1616 0022587290.6989  68.5476  12.88772326574980
DEBRIS-80022
1 80022U 24001A   24000.63480066  .00010000  00000-0  15000-3 0  9999
2 80022  65.0545  11.3087 0000980185.0962 100.2518  14.44165800716788
DEBRIS-80004
1 80004U 24001A   24000.93062752  .00010000  00000-0  15000-3 0  9990
2 80004  71.2662 274.8579 0000203136.7738 129.2326  13.87582289356719
CONJ-90008
1 90008U 98067A   24001.50000000  .00016717  00000-0  30200-3 0  9990
2 90008  51.6411 200.2344 0006703   50.4518 309.7506 15.4956052032497
CONJ-90002
1 90002U 98067A   24001.50000000  .00016717  00000-0  30200-3 0  9994
2 90002  51.6412 200.2345 0006703   50.4518 309.7475 15.4956052043248
CONJ-90016
1 90016U 98067A   24001.50000000  .00016717  00000-0  30200-3 0  9999
2 90016  51.6413 200.2345 0006703   50.4518 309.7801 15.4956052014174
DEBRIS-80024
1 80024U 24001A   24001.20859513  .00010000  00000-0  15000-3 0  9992
2 80024  43.9071 147.9968 0039040 19.5016 235.2440  15.08471901 89449
CONJ-90009
1 90009U 98067A   24001.50000000  .00016717  00000-0  30200-3 0  9991
2 90009  51.6414 200.2345 0006703   50.4518 309.7387 15.49560520 3265
CONJ-90005
1 90005U 98067A   24001.50000000  .00016717  00000-0  30200-3 0  9997
2 90005  51.6411 200.2345 0006703   50.4518 309.7462 15.4956052064906
DEBRIS-80026
1 80026U 24001A   24002.24897191  .00010000  00000-0  15000-3 0  9993
2 80026  76.8608  27.1386 0026550308.1481  35.2471  15.10857958718555
CONJ-90019
1 90019U 98067A   24001.50000000  .00016717  00000-0  30200-3 0  9992
2 90019  51.6411 200.2346 0006703   50.4518 309.7459 15.4956052099663
DEBRIS-80002
1 80002U 24001A   24000.56356536  .00010000  00000-0  15000-3 0  9993
2 80002  53.4828  33.7303 0000499216.7267 202.0482  15.36407845929247
DEBRIS-80048
1 80048U 24001A   24001.95709012  .00010000  00000-0  15000-3 0  9998
2 80048  56.8992 112.9238 0006586184.1123 138.6704  14.80635217343866
GEO-60004
1 60004U 24001A   24001.33804257  .00010000  00000-0  15000-3 0  9997
2 60004   0.0000 269.1056 0001237217.1709  79.3939   0.97194216  4569
DEBRIS-80018
1 80018U 24001A   24002.25601920  .00010000  00000-0  15000-3 0  9998
2 80018  41.4826 340.9018 0000181174.9566  24.9165  15.54240866174835
CONJ-90014
1 90014U 98067A   24001.50000000  .00016717  00000-0  30200-3 0  9997
2 90014  51.6413 200.2345 0006703   50.4518 309.7153 15.4956052091460
DEBRIS-80042
1 80042U 24001A   24001.20735727  .00010000  00000-0  15000-3 0  9992
2 80042  81.5907 201.5581 0042086350.5813 269.8119  16.20305529320299
DEBRIS-80035
1 80035U 24001A   24002.36651876  .00010000  00000-0  15000-3 0  9994
2 80035  74.1991 133.0298 0000297300.1482 253.2744  14.94671106867179
GEO-60008
1 60008U 24001A   24001.00454306  .00010000  00000-0  15000-3 0  9991
2 60008   2.2775  29.4862 0000109194.1909 359.9668   0.98499603  6750
GEO-60005
1 60005U 24001A   24001.47128399  .00010000  00000-0  15000-3 0  9999
2 60005   0.0000 287.3312 0002808302.5820 331.0350   1.04807220  5566
HEO-50005
1 50005U 24001A   24001.77117021  .00010000  00000-0  15000-3 0  9991
2 50005  67.1200 156.7754 6302079228.6072 347.5705   2.17520599 89176
DEBRIS-80038
1 80038U 24001A   24001.51081812  .00010000  00000-0  15000-3 0  9990
2 80038  63.4619  90.4037 0053025 18.2876 228.3424  15.81739236 67780
DEBRIS-80017
1 80017U 24001A   24002.33698699  .00010000  00000-0  15000-3 0  9995
2 80017  37.4786  40.2724 0001227354.7157 290.4389  13.45780924325711
DEBRIS-80047
1 80047U 24001A   24001.16229974  .00010000  00000-0  15000-3 0  9994
2 80047  81.8501  94.0375 0005518354.0782  13.7726  14.88628502463093
CONJ-90003
1 90003U 98067A   24001.50000000  .00016717  00000-0  30200-3 0  9995
2 90003  51.6412 200.2344 0006703   50.4518 309.7463 15.4956052060082
DEBRIS-80030
1 80030U 24001A   24000.62191514  .00010000  00000-0  15000-3 0  9994
2 80030  51.0505 112.8977 0000141171.6439 330.9794  14.62450454 84558
DEBRIS-80046
1 80046U 24001A   24001.05720612  .00010000  00000-0  15000-3 0  9996
2 80046  36.3774  24.9915 0020892126.4126 183.3860  15.21807247712827
CONJ-90013
1 90013U 98067A   24001.50000000  .00016717  00000-0  30200-3 0  9996
2 90013  51.6413 200.2346 0006703   50.4518 309.7407 15.4956052095547
CONJ-90018
1 90018U 98067A   24001.50000000  .00016717  00000-0  30200-3 0  9991
2 90018  51.6412 200.2345 0006703   50.4518 309.7521 15.49560520 8147
DEBRIS-80003
1 80003U 24001A   24001.58988296  .00010000  00000-0  15000-3 0  9991
2 80003  55.2951 291.3950 0000105290.0949 251.3302  13.86100207213795
DEBRIS-80019
1 80019U 24001A   24000.75678293  .00010000  00000-0  15000-3 0  9999
2 80019  32.8773  95.4204 0041428152.3297  76.2474  14.65718436966735
DEBRIS-80031
1 80031U 24001A   24002.42155781  .00010000  00000-0  15000-3 0  9991
2 80031  60.0253 214.2126 0010608 84.6734  43.1592  16.06114926332710
HEO-50001
1 50001U 24001A   24002.42746949  .00010000  00000-0  15000-3 0  9997
2 50001  61.6872  58.9557 4399675218.9918 208.3265   3.82221792 95337
DEBRIS-80045
1 80045U 24001A   24000.94486744  .00010000  00000-0  15000-3 0  9997
2 80045  58.3683 109.8687 0024324 81.9344   8.5192  13.27251915440256
CONJ-90001
1 90001U 98067A   24001.50000000  .00016717  00000-0  30200-3 0  9993
2 90001  51.6411 200.2346 0006703   50.4518 309.7467 15.4956052064372
GEO-60006
1 60006U 24001A   24000.55393290  .00010000  00000-0  15000-3 0  9992
2 60006   2.4118 141.8473 0001345  9.7567 231.3899   0.96356995  4824
DEBRIS-80001
1 80001U 24001A   24001.77885360  .00010000  00000-0  15000-3 0  9998
2 80001  63.4822  80.3559 0016196243.6118 321.1846  12.84775533563028
GEO-60001
1 60001U 24001A   24001.17169507  .00010000  00000-0  15000-3 0  9998
2 60001   1.1415  54.2990 0000584 55.0099  77.0230   0.99148679  3484
DEBRIS-80005
1 80005U 24001A   24002.11425655  .00010000  00000-0  15000-3 0  9998
2 80005  49.2384 350.3217 0001366198.7346 298.5857  14.97407901484002
DEBRIS-80036
1 80036U 24001A   24001.55788139  .00010000  00000-0  15000-3 0  9998
2 80036  30.6078 240.4308 0004611335.4322  37.2911  16.01250786356647
DEBRIS-80012
1 80012U 24001A   24002.49465156  .00010000  00000-0  15000-3 0  9997
2 80012  62.8395  49.7994 0003024272.0816 309.9970  13.11136528219699
CONJ-90004
1 90004U 98067A   24001.50000000  .00016717  00000-0  30200-3 0  9996
2 90004  51.6412 200.2344 0006703   50.4518 309.7465 15.4956052050670
CONJ-90012
1 90012U 98067A   24001.50000000  .00016717  00000-0  30200-3 0  9995
2 90012  51.6413 200.2345 0006703   50.4518 309.7459 15.4956052093126
DEBRIS-80006
1 80006U 24001A   24001.65470429  .00010000  00000-0  15000-3 0  9996
2 80006  33.1559 253.6459 0000137 82.0434 104.1797  12.81916791315122
DEBRIS-80043
1 80043U 24001A   24002.22921139  .00010000  00000-0  15000-3 0  9990
2 80043  78.6655 317.3098 0000119265.1632 119.5868  16.22326354888067
DEBRIS-80034
1 80034U 24001A   24000.51863091  .00010000  00000-0  15000-3 0  9992
2 80034  40.7711 223.6173 0004886 35.9932 193.5484  14.52353878183616
DEBRIS-80028
1 80028U 24001A   24000.82927424  .00010000  00000-0  15000-3 0  9990
2 80028  44.9678   0.7759 0001483333.5465 282.6466  13.64099692923038
DEBRIS-80027
1 80027U 24001A   24002.17205517  .00010000  00000-0  15000-3 0  9991
2 80027  85.2142 305.5305 0000315174.8308  76.9490  14.10416117 86855
DEBRIS-80013
1 80013U 24001A   24002.08415873  .00010000  00000-0  15000-3 0  9994
2 80013  46.8024 137.3829 0097356190.4812 349.5882  15.94311881 25043
DEBRIS-80008
1 80008U 24001A   24001.79607077  .00010000  00000-0  15000-3 0  9994
2 80008  62.8767 219.2872 0000326262.4856  58.8249  14.01782177848861
DEBRIS-80040
1 80040U 24001A   24002.39010188  .00010000  00000-0  15000-3 0  9998
2 80040  30.4301 248.7671 0000280 12.9701 132.9178  14.71010039573335
MEO-70005
1 70005U 24001A   24000.94928133  .00010000  00000-0  15000-3 0  9995
2 70005  55.6988  88.1433 0002663305.9056  26.2182   2.53610253 95312
CONJ-90007
1 90007U 98067A   24001.50000000  .00016717  00000-0  30200-3 0  9999
2 90007  51.6411 200.2345 0006703   50.4518 309.7385 15.4956052026041
MEO-70007
1 70007U 24001A   24002.05684081  .00010000  00000-0  15000-3 0  9992
2 70007  58.5125 250.5282 0002475200.6661 330.2892   1.80339650 22849
MEO-70008
1 70008U 24001A   24002.10283320  .00010000  00000-0  15000-3 0  9990
2 70008  72.7116 240.3280 0091977214.3628 342.0143   3.72856481 83708
DEBRIS-80049
1 80049U 24001A   24000.58877307  .00010000  00000-0  15000-3 0  9990
2 80049  34.8752 290.3439 0011497338.4947 265.3336  13.28814052575314
GEO-60007
1 60007U 24001A   24000.86345805  .00010000  00000-0  15000-3 0  9996
2 60007   0.3864 163.6918 0000473316.6704 100.1724   1.04512041  4412
DEBRIS-80029
1 80029U 24001A   24002.41463528  .00010000  00000-0  15000-3 0  9998
2 80029  70.7006 258.6270 0000291106.8148 348.7354  14.81672116720667
MEO-70004
1 70004U 24001A   24001.06757281  .00010000  00000-0  15000-3 0  9992
2 70004  64.7046 238.9874 0007207 33.6194 342.7199   2.08717150 51853
HEO-50002
1 50002U 24001A   24001.85469457  .00010000  00000-0  15000-3 0  9990
2 50002  68.2537 257.4053 3341984262.1653 248.6212   3.06810599 17693
DEBRIS-80016
1 80016U 24001A   24001.09688958  .00010000  00000-0  15000-3 0  9993
2 80016  62.2645 230.0218 0006713 55.0221 274.5039  14.65751612705141
DEBRIS-80032
1 80032U 24001A   24001.65783812  .00010000  00000-0  15000-3 0  9998
2 80032  56.2395  14.3070 0000176236.6543 203.4817  13.76547938351797
DEBRIS-80011
1 80011U 24001A   24001.41770371  .00010000  00000-0  15000-3 0  9995
2 80011  50.5461 202.0925 0000614210.4510 323.2162  14.09760202297469
DEBRIS-80039
1 80039U 24001A   24000.50709138  .00010000  00000-0  15000-3 0  9997
2 80039  54.4258  94.3039 0016738198.6050 153.9673  12.53867880108629
HEO-50003
1 50003U 24001A   24001.89438600  .00010000  00000-0  15000-3 0  9991
2 50003  60.9822 289.9901 6583022313.1816 203.7357   1.60267283 88284
CONJ-90010
1 90010U 98067A   24001.50000000  .00016717  00000-0  30200-3 0  9993
2 90010  51.6413 200.2344 0006703   50.4518 309.7501 15.4956052041134
DEBRIS-80020
1 80020U 24001A   24001.87973526  .00010000  00000-0  15000-3 0  9992
2 80020  54.5313 256.6616 0001574241.8073 134.4314  16.09845634601777
DEBRIS-80007
1 80007U 24001A   24002.23296733  .00010000  00000-0  15000-3 0  9996
2 80007  39.5724 300.2798 0000308127.8975 241.2631  15.30728125905932
CONJ-90006
1 90006U 98067A   24001.50000000  .00016717  00000-0  30200-3 0  9998
2 90006  51.6412 200.2345 0006703   50.4518 309.7472 15.4956052079137
HEO-50004
1 50004U 24001A   24001.35675603  .00010000  00000-0  15000-3 0  9999
2 50004  59.3198 122.8432 6823090295.8830 296.0391   1.76384718 60345
DEBRIS-80010
1 80010U 24001A   24000.92196569  .00010000  00000-0  15000-3 0  9990
2 80010  64.6399 339.4475 0042570113.2840 235.9579  14.08252760852595
GEO-60003
1 60003U 24001A   24000.53906391  .00010000  00000-0  15000-3 0  9999
2 60003   2.4164 171.7127 0007682107.5006 140.3952   1.03916415  8654
MEO-70002
1 70002U 24001A   24001.73102983  .00010000  00000-0  15000-3 0  9997
2 70002  47.2983 108.3420 0004404  0.1461 103.2889   2.57472037 96029
DEBRIS-80009
1 80009U 24001A   24001.87632392  .00010000  00000-0  15000-3 0  9992
2 80009  54.1202 276.5929 0000147295.8489 289.8165  14.10465915 96757
DEBRIS-80015
1 80015U 24001A   24001.36953050  .00010000  00000-0  15000-3 0  9990
2 80015  15.9619 315.3071 0000617180.2110  64.3147  16.15051136829592
GEO-60002
1 60002U 24001A   24001.58522228  .00010000  00000-0  15000-3 0  9997
2 60002   0.0000 149.6787 0000259151.2517 325.7419   1.00840794  7223
DEBRIS-80033
1 80033U 24001A   24000.90851840  .00010000  00000-0  15000-3 0  9993
2 80033  49.2645 142.4829 0010353107.9989 113.8238  15.50745797105083
